
[P3_iris_dt.svg]
	CCR train = 100.00% | CCR test = 95.12%
[0 0 0 0 0 0 0 0 0 0 0 0 0 1 1 1 1 2 1 1 1 1 1 1 1 2 2 2 2 2 2 2 2 2 1 2 2
 2 2 2 2]
[0 0 0 0 0 0 0 0 0 0 0 0 0 1 1 1 1 1 1 1 1 1 1 1 1 2 2 2 2 2 2 2 2 2 2 2 2
 2 2 2 2]

[P3_contact_lenses_dt.svg]
	CCR train = 100.00% | CCR test = 50.00%
[1 0 0 1 1 1]
[1 0 1 0 2 1]

[P3_ionosphere_dt.svg]
	CCR train = 100.00% | CCR test = 86.87%
[0 1 0 0 0 0 1 1 0 1 1 1 1 1 1 1 0 0 0 0 0 1 0 1 1 0 1 0 1 1 1 0 1 0 1 0 1
 0 0 1 0 0 0 0 0 1 0 0 1 0 1 0 0 1 1 1 0 1 1 1 1 0 1 1 0 1 0 1 1 0 1 1 1 1
 1 1 1 1 1 1 1 1 1 1 1 1 1 1 1 1 1 1 1 1 1 1 1 1 1]
[0 1 0 0 0 0 0 1 0 1 0 0 1 0 1 0 0 0 1 0 0 1 0 1 1 0 1 0 1 1 1 0 0 0 1 0 1
 0 1 1 0 1 0 0 0 1 0 1 1 0 1 0 0 0 1 1 0 1 1 1 1 0 1 1 0 1 0 1 1 0 0 0 1 1
 1 1 1 1 1 1 1 1 1 1 1 1 1 1 1 1 1 1 1 1 1 1 1 1 1]

[P3_soybean_dt.svg]
	CCR train = 100.00% | CCR test = 91.70%
[10 10 10 10  7  7 18 18 18 15 15 15 15 15 15 15 15 15 15 15 15  6  6  6
  6  6  6  6  6  6 16 16 16 16 16 11 11 11 11 11 11 11  5  5  5  5  5  5
  5  5  5  3  3  3  4  4  4 17 17 17 17  2  2  2  2  2  2  2  5 14 12  5
  1 12  1  5  1  1  1 12  1  1  1  1  1  1 12  1 12 12 12 12  1  1 12  1
 12 12 12  9  9  9  8  8 13 13 10 10 10 10 10  7  7 18 15 15 15 15 15 15
 15 15 15 15 15  6  6  6  6  6  6  6  6  6 16 16 16 16 16 11 11 11  5 14
  5 14  5  5  5  5  5  5  5  5  5  3  3  3  3  4  4  4  4  4 17 17  2  2
  2  2  2  2  2  2  2  2  2  5  5  5 14 14  1  1 12  1  1  1  1  1  1  1
  1  1 12  1  1  1  1  1 12 12  5 12 12 12 12 12 12 12 12 12 12 12 12 12
 12  9  9  9  9  8  8  0  0  0  0  0 13]
[10 10 10 10  7  7 18 18 18 15 15 15 15 15 15 15 15 15 15 15 15  6  6  6
  6  6  6  6  6  6 16 16 16 16 16 11 11 11 11 11 11 11  5  5  5  5  5  5
  5  5  5  3  3  3  4  4  4 17 17 17 17  2  2  2  2  2  2  2 14 14  1  1
  1  1  1  1  1  1  1  1  1  1  1  1  1 12 12 12 12 12 12 12 12 12 12 12
 12 12 12  9  9  9  8  8 13 13 10 10 10 10 10  7  7 18 15 15 15 15 15 15
 15 15 15 15 15  6  6  6  6  6  6  6  6  6 16 16 16 16 16 11 11 11  5  5
  5  5  5  5  5  5  5  5  5  5  5  3  3  3  3  4  4  4  4  4 17 17  2  2
  2  2  2  2  2  2  2  2  2 14 14 14 14 14  1  1  1  1  1  1  1  1  1  1
  1  1  1  1  1  1  1  1 12 12 12 12 12 12 12 12 12 12 12 12 12 12 12 12
 12  9  9  9  9  8  8  0  0  0  0  0 13]

[P3_diabetes_dt.svg]
	CCR train = 100.00% | CCR test = 71.62%
[0 1 0 0 0 0 0 1 0 0 0 0 0 0 1 0 1 0 1 0 0 1 0 0 0 0 0 0 0 0 0 0 0 0 0 0 1
 0 0 1 0 0 0 1 0 0 0 1 0 0 1 0 1 1 0 1 0 0 0 0 0 1 0 0 1 0 0 1 1 0 0 0 1 1
 1 0 0 1 0 1 1 1 0 0 1 1 1 0 0 0 0 1 1 0 0 1 0 1 0 1 1 1 0 0 1 0 1 0 1 0 0
 0 0 0 0 1 0 1 0 0 1 0 0 0 0 0 0 1 0 0 0 0 0 1 1 0 1 0 0 1 0 0 0 0 1 0 0 1
 0 0 1 0 0 0 0 1 1 0 0 0 0 0 0 0 0 0 0 0 0 1 0 0 1 0 0 0 0 1 1 0 1 1 1 0 1
 0 0 0 1 1 0 1 0 0 0 0 0 0 0 0 0 1 0 0 1 1 0 0 0 1 0 0 0 0 0 0 0 1 1 0 0 0]
[0 1 0 0 1 1 0 1 1 0 1 1 1 0 0 1 0 0 0 0 0 1 0 0 0 0 0 0 0 0 1 0 0 0 0 0 1
 0 0 1 0 0 0 1 0 0 1 0 0 0 0 0 1 0 0 1 0 0 0 0 0 1 0 1 1 1 0 1 1 0 0 0 0 1
 1 0 0 0 0 0 0 0 0 0 1 1 1 0 0 1 0 0 1 0 0 0 0 0 0 0 1 0 1 0 0 0 0 0 1 1 0
 1 0 0 1 0 0 1 1 0 1 0 0 1 0 1 0 0 1 0 0 1 0 1 0 0 1 1 0 1 0 0 1 0 0 0 0 0
 0 1 1 0 0 0 1 1 0 0 0 1 0 0 1 0 0 0 0 0 0 1 0 0 1 0 0 0 0 0 0 0 0 1 0 0 0
 0 0 0 1 1 1 0 0 0 1 1 0 0 0 0 0 1 0 0 0 0 1 0 0 1 0 0 0 0 0 0 0 1 1 0 0 0]

[P3_glass_dt.svg]
	CCR train = 100.00% | CCR test = 59.26%
[1 0 1 0 0 1 3 0 1 4 1 1 1 1 1 4 0 1 4 3 0 1 0 0 0 0 0 4 0 4 0 4 2 5 0 1 1
 1 0 1 0 3 0 4 1 0 1 4 1 2 0 0 0 1]
[0 0 1 1 2 1 3 0 3 4 1 2 0 1 2 3 0 1 4 4 1 0 1 1 0 0 2 4 0 4 0 1 1 3 0 1 0
 1 0 1 1 3 1 4 1 0 0 4 1 2 0 0 0 2]

[P3_labor_dt.svg]
	CCR train = 100.00% | CCR test = 66.67%
[1 1 1 0 0 1 1 1 1]
[1 1 1 1 1 0 1 1 1]

[P3_vote_dt.svg]
	CCR train = 100.00% | CCR test = 93.70%
[0 1 0 1 0 0 0 0 0 0 0 0 0 0 1 1 0 0 0 0 0 1 0 1 0 1 1 0 1 1 1 0 1 1 1 0 0
 1 0 1 1 0 1 0 1 0 0 1 0 0 0 0 1 1 1 0 0 1 1 0 0 0 0 0 1 1 1 1 0 0 0 1 0 1
 0 1 1 0 1 0 0 0 0 0 0 1 1 1 0 1 0 0 0 0 0 1 1 1 0 1 0 0 0 0 0 1 0 1 1 1 0
 0 0 0 1 1 1 1 0 1 1 0 1 0 0 0 1]
[0 0 0 1 0 0 0 0 0 0 0 0 0 0 1 1 0 0 0 0 0 1 0 1 0 1 1 0 1 1 1 0 1 1 1 0 0
 1 0 1 1 0 1 0 1 0 0 1 0 0 0 0 1 1 1 0 0 1 1 0 0 1 0 1 1 1 1 1 0 0 0 1 1 1
 0 1 1 0 1 0 0 0 0 0 0 1 1 1 0 1 0 0 0 0 0 1 1 1 0 0 0 0 1 0 0 1 0 0 1 1 0
 0 1 0 1 1 1 1 0 1 1 0 1 0 0 0 1]

[P3_car_dt.svg]
	CCR train = 100.00% | CCR test = 94.41%
[2 2 2 2 2 2 2 2 2 2 2 2 2 2 2 2 2 2 2 2 2 2 2 2 2 2 2 2 2 2 2 2 2 2 2 2 2
 2 2 2 2 2 2 2 2 2 2 2 2 2 2 2 2 2 2 2 2 2 2 2 2 2 2 2 2 0 2 2 2 0 0 2 2 2
 2 0 2 0 2 2 2 0 2 0 2 0 0 2 2 2 2 0 2 0 2 0 0 2 0 2 0 2 2 2 2 0 2 0 2 0 2
 2 2 2 2 2 0 0 2 0 2 2 2 2 2 2 0 2 2 2 2 2 2 2 2 2 2 2 2 2 2 2 2 2 2 2 2 2
 2 2 2 2 2 2 2 2 2 2 2 2 2 2 2 2 2 2 2 2 0 0 0 2 0 2 2 2 2 2 2 0 2 2 2 2 2
 0 0 0 0 0 2 2 2 0 0 2 2 2 2 0 0 2 2 2 2 2 2 2 0 0 2 0 0 2 2 2 2 2 0 2 2 2
 2 2 2 2 0 0 2 2 2 2 2 0 0 0 2 2 2 0 2 2 2 2 0 0 2 2 2 2 0 0 0 2 2 2 2 2 0
 0 0 2 2 0 2 2 2 2 2 2 0 2 2 2 2 2 2 2 2 2 2 0 0 2 2 0 2 2 2 0 0 2 0 2 2 2
 2 2 2 2 2 2 2 2 2 0 2 2 2 0 0 0 0 2 2 2 0 2 2 2 0 2 2 3 0 2 2 2 2 0 0 0 0
 2 2 2 2 2 2 0 2 0 3 2 2 2 3 2 3 2 2 2 2 2 2 0 2 1 1 1 2 2 2 2 1 1 2 2 1 2
 2 2 2 2 1 3 2 0 2 3 2 3 1 2 2 2 2 2 0 2 2 2 0 2 2 2 0 0 2 0 2 0 2 2 2 2 0
 2 0 2 0 2 2 2 2 0 0 0 0 2 2 2 2 0 0 3 0 0 2 2 2 2 3 0 0 3 0 2 2 2 2 0 2 0
 3 2 2 2 2 1 0 1 2 2 2 0 3 0 2 0 2 3 2 2 2 2 2 2 2 0 1 2 3 2 1 2 2 0 1 2 0
 1 3 2 2 2 2 0 2 2 2 2 2 2 0 1 3 3 0 2 1 2 2 1 1 3 3 2 2 2 1 0 3 2 2 0 2 1
 3]
[2 2 2 2 2 2 2 2 2 2 2 2 2 2 2 2 2 2 2 2 2 2 2 2 2 2 2 2 2 2 2 2 2 2 2 2 2
 2 2 2 2 2 2 2 2 2 2 2 2 2 2 2 2 2 2 2 2 2 2 2 2 2 2 2 2 0 2 2 2 2 0 2 2 2
 2 2 2 0 2 2 2 0 2 0 2 0 0 2 2 2 2 0 2 0 2 0 0 2 0 2 2 2 2 2 2 0 0 0 2 0 2
 2 2 2 2 2 0 0 2 0 2 2 2 2 2 2 0 2 2 2 2 2 2 2 2 2 2 2 2 2 2 2 2 2 2 2 2 2
 2 2 2 2 2 2 2 2 2 2 2 2 2 2 2 2 2 2 2 2 0 2 0 2 2 2 2 2 2 2 2 0 0 2 2 2 2
 0 0 0 0 0 2 2 2 0 0 2 2 2 2 0 0 2 2 2 2 2 2 2 2 0 2 0 0 2 2 2 2 2 0 2 2 2
 2 2 2 2 0 0 2 2 2 2 2 2 0 0 2 2 2 0 0 2 2 2 0 0 2 2 2 2 0 0 0 2 2 2 2 2 0
 0 0 2 2 0 2 2 2 2 2 0 2 2 2 2 2 2 2 2 2 2 2 0 0 2 2 0 2 2 2 0 0 2 0 2 2 2
 2 2 2 2 2 2 2 2 2 0 2 2 2 0 0 0 0 2 2 2 0 2 2 2 3 2 2 0 0 2 2 2 2 0 0 3 0
 2 2 2 2 2 2 0 2 0 3 2 2 2 3 2 3 2 2 2 2 2 2 0 2 1 3 3 2 2 2 2 1 1 2 2 3 2
 2 2 2 2 1 3 2 0 2 3 2 3 1 2 2 2 2 2 0 2 2 2 0 2 2 2 2 0 2 0 2 0 2 2 2 2 0
 2 0 2 0 2 2 2 2 0 0 0 0 2 2 2 2 0 0 3 2 0 2 2 2 2 0 0 0 3 0 2 2 2 2 0 2 0
 3 2 2 2 2 1 0 1 2 2 2 0 1 0 2 1 2 3 2 2 2 2 2 2 2 0 1 2 3 2 1 2 2 1 1 2 1
 1 3 2 2 2 2 0 2 2 2 2 2 2 0 1 1 3 1 2 1 2 2 1 1 3 3 2 2 2 1 1 3 2 2 1 2 1
 3]

[P3_bank_dt.svg]
	CCR train = 100.00% | CCR test = 86.78%
[1 0 0 ... 0 0 1]
[0 0 0 ... 0 0 0]

[P3_iris_knn.svg]
	CCR train = 96.33% | CCR test = 95.12%
[0 0 0 0 0 0 0 0 0 0 0 0 0 1 1 1 1 2 1 1 1 1 1 1 1 2 2 2 2 2 2 2 2 2 1 2 2
 2 2 2 2]
[0 0 0 0 0 0 0 0 0 0 0 0 0 1 1 1 1 1 1 1 1 1 1 1 1 2 2 2 2 2 2 2 2 2 2 2 2
 2 2 2 2]

[P3_contact_lenses_knn.svg]
	CCR train = 88.89% | CCR test = 50.00%
[1 1 1 1 1 1]
[1 0 1 0 2 1]

[P3_ionosphere_knn.svg]
	CCR train = 87.30% | CCR test = 82.83%
[0 1 0 1 0 1 0 1 1 1 1 1 1 1 1 1 0 0 1 0 0 1 0 1 1 1 1 1 1 1 1 1 1 0 1 1 1
 0 1 1 0 1 0 1 0 1 0 1 1 0 1 0 1 0 1 1 1 1 1 1 1 0 1 1 0 1 1 1 1 0 0 1 1 1
 1 1 1 1 1 1 1 1 1 1 1 1 1 1 1 1 1 1 1 1 1 1 1 1 1]
[0 1 0 0 0 0 0 1 0 1 0 0 1 0 1 0 0 0 1 0 0 1 0 1 1 0 1 0 1 1 1 0 0 0 1 0 1
 0 1 1 0 1 0 0 0 1 0 1 1 0 1 0 0 0 1 1 0 1 1 1 1 0 1 1 0 1 0 1 1 0 0 0 1 1
 1 1 1 1 1 1 1 1 1 1 1 1 1 1 1 1 1 1 1 1 1 1 1 1 1]

[P3_soybean_knn.svg]
	CCR train = 92.95% | CCR test = 89.52%
[10 10 10 10  7  7 18 18 18 15 15 15 15 15 15 15 15 15 15 15 15  6  6  6
  6  6  6  6  6  6 16 16 16 16 16 11 11 11  5 11  1 11  5  5  5  5  1  5
  5  5  5  3  3  3 12  4  4 17 17 17 17  2  2  0  2  2  2  2 14  1  1  5
  1  5  1  1  1  1  1 12  1  1  1  1  1 12 12  1 12  1 12 12  9  1 12  1
 12 12 12  9  9  9  8  8 13 13 10 10 10 10 10  7  7 18 15 15 15 15 15 15
 15 15 15 15 15  6  6  6  6  6  6  6  6  6 16 16 16 16 16 11 11 11  5  1
  5  1  5  5  5  5  5  5  5  5  5  3  3  3  3  3  4  4  4  4 17 17  0  0
  2  2  2  2  2  2  2  2  2  1  5  5 14 14  1  1  1  1  1  1  1  1  1  1
  1  1  1  1  1  1  1  1  1 12  1 12 12 12 12 12 12 12 12 12 12 12 12 12
 12  9  9  9  9  8  8  0  0  0  0  0 13]
[10 10 10 10  7  7 18 18 18 15 15 15 15 15 15 15 15 15 15 15 15  6  6  6
  6  6  6  6  6  6 16 16 16 16 16 11 11 11 11 11 11 11  5  5  5  5  5  5
  5  5  5  3  3  3  4  4  4 17 17 17 17  2  2  2  2  2  2  2 14 14  1  1
  1  1  1  1  1  1  1  1  1  1  1  1  1 12 12 12 12 12 12 12 12 12 12 12
 12 12 12  9  9  9  8  8 13 13 10 10 10 10 10  7  7 18 15 15 15 15 15 15
 15 15 15 15 15  6  6  6  6  6  6  6  6  6 16 16 16 16 16 11 11 11  5  5
  5  5  5  5  5  5  5  5  5  5  5  3  3  3  3  4  4  4  4  4 17 17  2  2
  2  2  2  2  2  2  2  2  2 14 14 14 14 14  1  1  1  1  1  1  1  1  1  1
  1  1  1  1  1  1  1  1 12 12 12 12 12 12 12 12 12 12 12 12 12 12 12 12
 12  9  9  9  9  8  8  0  0  0  0  0 13]

[P3_diabetes_knn.svg]
	CCR train = 81.50% | CCR test = 69.37%
[0 1 0 1 0 0 0 1 0 1 1 0 0 0 1 0 1 0 1 0 0 1 0 0 0 0 0 0 0 0 0 0 0 0 0 0 1
 0 0 1 0 0 0 1 0 1 1 0 0 0 0 1 1 1 1 1 0 0 0 0 0 1 0 0 0 0 1 1 1 0 1 0 1 0
 0 0 0 1 1 1 0 0 0 0 0 0 1 0 0 0 0 1 0 1 0 1 0 0 0 0 1 1 0 0 0 0 0 0 1 1 0
 0 1 0 0 1 0 0 1 0 1 0 0 0 0 0 0 0 0 0 0 0 0 1 1 0 1 0 0 0 0 0 0 1 0 0 0 0
 0 1 1 0 0 0 1 1 0 0 0 0 1 0 0 0 1 0 0 0 1 1 0 0 0 0 0 0 0 0 1 0 0 1 1 0 1
 0 1 1 1 0 0 1 0 0 1 1 0 0 0 0 0 1 0 0 0 1 0 0 0 0 0 0 1 0 0 0 0 1 1 0 0 0]
[0 1 0 0 1 1 0 1 1 0 1 1 1 0 0 1 0 0 0 0 0 1 0 0 0 0 0 0 0 0 1 0 0 0 0 0 1
 0 0 1 0 0 0 1 0 0 1 0 0 0 0 0 1 0 0 1 0 0 0 0 0 1 0 1 1 1 0 1 1 0 0 0 0 1
 1 0 0 0 0 0 0 0 0 0 1 1 1 0 0 1 0 0 1 0 0 0 0 0 0 0 1 0 1 0 0 0 0 0 1 1 0
 1 0 0 1 0 0 1 1 0 1 0 0 1 0 1 0 0 1 0 0 1 0 1 0 0 1 1 0 1 0 0 1 0 0 0 0 0
 0 1 1 0 0 0 1 1 0 0 0 1 0 0 1 0 0 0 0 0 0 1 0 0 1 0 0 0 0 0 0 0 0 1 0 0 0
 0 0 0 1 1 1 0 0 0 1 1 0 0 0 0 0 1 0 0 0 0 1 0 0 1 0 0 0 0 0 0 0 1 1 0 0 0]

[P3_glass_knn.svg]
	CCR train = 72.50% | CCR test = 64.81%
[0 0 0 0 0 0 3 0 1 4 1 0 1 1 2 4 0 0 4 1 1 0 0 1 0 0 0 4 1 4 0 5 0 3 0 1 0
 1 0 1 0 1 1 4 1 0 0 4 1 0 0 0 0 0]
[0 0 1 1 2 1 3 0 3 4 1 2 0 1 2 3 0 1 4 4 1 0 1 1 0 0 2 4 0 4 0 1 1 3 0 1 0
 1 0 1 1 3 1 4 1 0 0 4 1 2 0 0 0 2]

[P3_labor_knn.svg]
	CCR train = 100.00% | CCR test = 100.00%
[1 1 1 1 1 0 1 1 1]
[1 1 1 1 1 0 1 1 1]

[P3_vote_knn.svg]
	CCR train = 96.43% | CCR test = 91.34%
[0 1 0 1 0 0 0 0 0 0 0 0 0 0 1 0 0 0 0 0 0 1 0 1 0 1 1 0 1 1 1 0 1 1 1 0 0
 1 0 1 1 0 1 0 0 0 0 1 0 0 0 0 1 1 1 0 0 1 1 0 0 0 0 0 1 1 1 1 0 0 0 1 0 1
 1 1 1 0 1 0 0 0 0 0 0 1 1 1 0 1 0 0 0 0 0 1 1 1 0 0 0 0 1 0 0 1 0 1 1 1 0
 0 0 0 1 0 1 1 0 1 1 0 0 0 0 0 1]
[0 0 0 1 0 0 0 0 0 0 0 0 0 0 1 1 0 0 0 0 0 1 0 1 0 1 1 0 1 1 1 0 1 1 1 0 0
 1 0 1 1 0 1 0 1 0 0 1 0 0 0 0 1 1 1 0 0 1 1 0 0 1 0 1 1 1 1 1 0 0 0 1 1 1
 0 1 1 0 1 0 0 0 0 0 0 1 1 1 0 1 0 0 0 0 0 1 1 1 0 0 0 0 1 0 0 1 0 0 1 1 0
 0 1 0 1 1 1 1 0 1 1 0 1 0 0 0 1]

[P3_bank_knn.svg]
	CCR train = 90.18% | CCR test = 87.77%
[0 0 0 ... 0 0 1]
[0 0 0 ... 0 0 0]

[P3_car_knn.svg]
	CCR train = 91.73% | CCR test = 89.02%
[2 2 2 2 2 2 2 2 2 2 2 2 2 2 2 2 2 2 2 2 2 2 2 2 2 2 2 2 2 2 2 2 2 2 2 2 2
 2 2 2 2 2 2 2 2 2 2 2 2 2 2 2 2 2 2 2 2 2 2 2 2 2 2 2 2 0 2 2 2 0 0 2 2 2
 2 2 2 2 2 2 2 0 2 0 2 0 0 2 2 2 2 0 2 0 2 0 0 2 2 2 2 2 2 2 2 0 2 0 2 0 2
 2 2 2 2 2 0 0 2 0 2 2 2 2 2 2 0 2 2 2 2 2 2 2 2 2 2 2 2 2 2 2 2 2 2 2 2 2
 2 2 2 2 2 2 2 2 2 2 2 2 2 2 2 2 2 2 2 2 0 2 0 2 2 2 2 2 2 2 2 0 2 2 2 2 2
 0 2 0 0 0 2 2 2 2 0 2 2 2 2 0 2 2 2 2 2 2 2 2 2 2 2 2 0 2 2 2 2 2 2 2 2 2
 2 2 2 2 0 0 2 2 2 2 2 2 0 0 2 2 2 0 2 2 2 2 0 0 2 2 2 2 0 0 0 2 2 2 2 2 0
 0 0 2 2 0 2 2 2 2 2 2 2 2 2 2 2 2 2 2 2 2 2 0 0 2 2 0 2 2 2 0 0 2 0 2 2 2
 2 2 2 2 2 2 2 2 2 0 2 2 2 2 0 0 0 2 2 2 0 2 2 2 0 2 0 2 0 2 2 2 2 0 0 2 2
 2 2 2 2 2 2 0 2 0 3 2 2 2 0 2 3 2 2 2 2 2 2 0 2 0 0 0 2 2 2 2 0 0 2 2 0 2
 2 2 2 2 0 3 2 0 2 1 2 2 0 2 2 2 2 2 0 2 2 2 2 2 2 2 2 2 2 2 2 0 2 2 2 2 0
 2 0 2 0 2 2 2 2 0 0 0 0 2 2 2 2 0 0 0 2 0 2 2 2 2 0 0 0 0 2 2 2 2 2 0 2 2
 3 2 2 2 2 0 0 0 2 2 2 0 0 2 2 0 2 3 2 2 2 2 2 2 2 0 0 2 3 2 1 2 2 0 0 2 0
 0 3 2 2 2 2 0 2 2 2 2 2 2 0 0 1 3 0 2 0 2 2 0 0 2 0 2 2 2 0 0 3 2 2 0 2 1
 3]
[2 2 2 2 2 2 2 2 2 2 2 2 2 2 2 2 2 2 2 2 2 2 2 2 2 2 2 2 2 2 2 2 2 2 2 2 2
 2 2 2 2 2 2 2 2 2 2 2 2 2 2 2 2 2 2 2 2 2 2 2 2 2 2 2 2 0 2 2 2 2 0 2 2 2
 2 2 2 0 2 2 2 0 2 0 2 0 0 2 2 2 2 0 2 0 2 0 0 2 0 2 2 2 2 2 2 0 0 0 2 0 2
 2 2 2 2 2 0 0 2 0 2 2 2 2 2 2 0 2 2 2 2 2 2 2 2 2 2 2 2 2 2 2 2 2 2 2 2 2
 2 2 2 2 2 2 2 2 2 2 2 2 2 2 2 2 2 2 2 2 0 2 0 2 2 2 2 2 2 2 2 0 0 2 2 2 2
 0 0 0 0 0 2 2 2 0 0 2 2 2 2 0 0 2 2 2 2 2 2 2 2 0 2 0 0 2 2 2 2 2 0 2 2 2
 2 2 2 2 0 0 2 2 2 2 2 2 0 0 2 2 2 0 0 2 2 2 0 0 2 2 2 2 0 0 0 2 2 2 2 2 0
 0 0 2 2 0 2 2 2 2 2 0 2 2 2 2 2 2 2 2 2 2 2 0 0 2 2 0 2 2 2 0 0 2 0 2 2 2
 2 2 2 2 2 2 2 2 2 0 2 2 2 0 0 0 0 2 2 2 0 2 2 2 3 2 2 0 0 2 2 2 2 0 0 3 0
 2 2 2 2 2 2 0 2 0 3 2 2 2 3 2 3 2 2 2 2 2 2 0 2 1 3 3 2 2 2 2 1 1 2 2 3 2
 2 2 2 2 1 3 2 0 2 3 2 3 1 2 2 2 2 2 0 2 2 2 0 2 2 2 2 0 2 0 2 0 2 2 2 2 0
 2 0 2 0 2 2 2 2 0 0 0 0 2 2 2 2 0 0 3 2 0 2 2 2 2 0 0 0 3 0 2 2 2 2 0 2 0
 3 2 2 2 2 1 0 1 2 2 2 0 1 0 2 1 2 3 2 2 2 2 2 2 2 0 1 2 3 2 1 2 2 1 1 2 1
 1 3 2 2 2 2 0 2 2 2 2 2 2 0 1 1 3 1 2 1 2 2 1 1 3 3 2 2 2 1 1 3 2 2 1 2 1
 3]

[P3_iris_svm.svg]
	CCR train = 98.17% | CCR test = 97.56%
[0 0 0 0 0 0 0 0 0 0 0 0 0 1 1 1 1 2 1 1 1 1 1 1 1 2 2 2 2 2 2 2 2 2 2 2 2
 2 2 2 2]
[0 0 0 0 0 0 0 0 0 0 0 0 0 1 1 1 1 1 1 1 1 1 1 1 1 2 2 2 2 2 2 2 2 2 2 2 2
 2 2 2 2]

[P3_contact_lenses_svm.svg]
	CCR train = 100.00% | CCR test = 50.00%
[1 1 1 1 1 1]
[1 0 1 0 2 1]

[P3_ionosphere_svm.svg]
	CCR train = 95.24% | CCR test = 93.94%
[0 1 0 0 0 0 0 1 0 1 1 0 1 1 1 0 0 0 1 0 0 1 0 1 1 1 1 0 1 1 1 1 1 0 1 0 1
 0 1 1 0 1 0 1 0 1 0 1 1 0 1 0 0 0 1 1 0 1 1 1 1 0 1 1 0 1 0 1 1 0 0 0 1 1
 1 1 1 1 1 1 1 1 1 1 1 1 1 1 1 1 1 1 1 1 1 1 1 1 1]
[0 1 0 0 0 0 0 1 0 1 0 0 1 0 1 0 0 0 1 0 0 1 0 1 1 0 1 0 1 1 1 0 0 0 1 0 1
 0 1 1 0 1 0 0 0 1 0 1 1 0 1 0 0 0 1 1 0 1 1 1 1 0 1 1 0 1 0 1 1 0 0 0 1 1
 1 1 1 1 1 1 1 1 1 1 1 1 1 1 1 1 1 1 1 1 1 1 1 1 1]

[P3_soybean_svm.svg]
	CCR train = 96.70% | CCR test = 93.89%
[10 10 10 10  7  7 18 18 18 15 15 15 15 15 15 15 15 15 15 15 15  6  6  6
  6  6  6  6  6  6 16 16 16 16 16 11 11 11 11 11 11 11  5  5  5  5  5  5
  5  5  5  3  3  3  3  4  4 17 17 17 17  2  2  2  2  2  2  2 12  5  1  1
  1  1  1  1  1  1  1  1  1  1  1  1  1 12 12  1 12  1 12 12 12  1 12  1
 12  1 12  9  9  9  8  8 13 13 10 10 10 10 10  7  7 18 15 15 15 15 15 15
 15 15 15 15 15  6  6  6  6  6  6  6  6  6 16 16 16 16 16 11 11 11  5  1
  5  5  5  5  5  5  5  5  5  5  5  3  3  3  3  4  4  4  4  4 17 17  2  2
  2  2  2  2  2  2  2  2  2  5  5  5 14 14  1  1  1  1  1  1  1  1  1  1
  1  1  1  1  1  1  1  1  1 12  1 12 12 12 12 12 12 12 12 12 12 12 12 12
 12  9  9  9  9  8  8  0  0  0  0  0 13]
[10 10 10 10  7  7 18 18 18 15 15 15 15 15 15 15 15 15 15 15 15  6  6  6
  6  6  6  6  6  6 16 16 16 16 16 11 11 11 11 11 11 11  5  5  5  5  5  5
  5  5  5  3  3  3  4  4  4 17 17 17 17  2  2  2  2  2  2  2 14 14  1  1
  1  1  1  1  1  1  1  1  1  1  1  1  1 12 12 12 12 12 12 12 12 12 12 12
 12 12 12  9  9  9  8  8 13 13 10 10 10 10 10  7  7 18 15 15 15 15 15 15
 15 15 15 15 15  6  6  6  6  6  6  6  6  6 16 16 16 16 16 11 11 11  5  5
  5  5  5  5  5  5  5  5  5  5  5  3  3  3  3  4  4  4  4  4 17 17  2  2
  2  2  2  2  2  2  2  2  2 14 14 14 14 14  1  1  1  1  1  1  1  1  1  1
  1  1  1  1  1  1  1  1 12 12 12 12 12 12 12 12 12 12 12 12 12 12 12 12
 12  9  9  9  9  8  8  0  0  0  0  0 13]

[P3_diabetes_svm.svg]
	CCR train = 75.82% | CCR test = 77.93%
[0 1 0 0 0 0 0 1 0 0 1 0 1 0 1 0 1 0 1 0 0 0 0 0 0 0 0 0 0 0 0 0 0 0 0 0 1
 0 0 1 0 0 0 1 0 0 0 0 0 0 0 1 1 0 0 1 0 0 0 0 0 1 0 0 0 0 0 1 1 0 0 0 0 0
 0 1 0 0 0 1 0 1 0 0 0 0 0 0 0 0 0 1 0 0 0 1 0 0 0 0 1 1 0 0 0 0 0 0 0 0 0
 0 0 0 0 0 0 1 1 0 1 0 0 0 0 0 0 0 0 0 0 0 0 1 0 0 1 0 0 0 0 0 1 0 0 0 0 0
 0 0 1 0 0 0 0 1 0 0 0 0 0 0 1 0 0 0 0 0 0 1 0 0 0 0 0 0 0 0 0 0 0 0 0 0 1
 0 0 1 1 1 1 1 0 0 1 0 0 0 0 0 0 1 0 0 0 0 0 0 0 1 0 0 0 0 0 0 0 1 1 0 0 0]
[0 1 0 0 1 1 0 1 1 0 1 1 1 0 0 1 0 0 0 0 0 1 0 0 0 0 0 0 0 0 1 0 0 0 0 0 1
 0 0 1 0 0 0 1 0 0 1 0 0 0 0 0 1 0 0 1 0 0 0 0 0 1 0 1 1 1 0 1 1 0 0 0 0 1
 1 0 0 0 0 0 0 0 0 0 1 1 1 0 0 1 0 0 1 0 0 0 0 0 0 0 1 0 1 0 0 0 0 0 1 1 0
 1 0 0 1 0 0 1 1 0 1 0 0 1 0 1 0 0 1 0 0 1 0 1 0 0 1 1 0 1 0 0 1 0 0 0 0 0
 0 1 1 0 0 0 1 1 0 0 0 1 0 0 1 0 0 0 0 0 0 1 0 0 1 0 0 0 0 0 0 0 0 1 0 0 0
 0 0 0 1 1 1 0 0 0 1 1 0 0 0 0 0 1 0 0 0 0 1 0 0 1 0 0 0 0 0 0 0 1 1 0 0 0]

[P3_glass_svm.svg]
	CCR train = 36.25% | CCR test = 33.33%
[1 1 1 1 1 1 1 1 1 1 1 1 1 1 1 1 1 1 1 1 1 1 1 1 1 1 1 1 1 1 1 1 1 1 1 1 1
 1 1 1 1 1 1 1 1 1 1 1 1 1 1 1 1 1]
[0 0 1 1 2 1 3 0 3 4 1 2 0 1 2 3 0 1 4 4 1 0 1 1 0 0 2 4 0 4 0 1 1 3 0 1 0
 1 0 1 1 3 1 4 1 0 0 4 1 2 0 0 0 2]

[P3_labor_svm.svg]
	CCR train = 60.42% | CCR test = 88.89%
[1 1 1 1 1 1 1 1 1]
[1 1 1 1 1 0 1 1 1]

[P3_vote_svm.svg]
	CCR train = 98.70% | CCR test = 94.49%
[0 1 0 1 0 0 0 0 0 0 0 0 0 0 1 0 0 0 0 0 0 1 0 1 0 1 1 0 1 1 1 0 1 1 1 0 0
 1 0 1 1 0 1 0 1 0 0 1 0 0 0 0 1 1 1 0 0 1 1 0 0 0 0 0 1 1 1 1 0 0 0 1 0 1
 0 1 1 0 1 0 0 0 0 0 0 1 1 1 0 1 0 0 0 0 0 1 1 1 0 0 0 0 1 0 0 1 0 1 1 1 0
 0 0 0 1 1 1 1 0 1 1 0 1 0 0 0 1]
[0 0 0 1 0 0 0 0 0 0 0 0 0 0 1 1 0 0 0 0 0 1 0 1 0 1 1 0 1 1 1 0 1 1 1 0 0
 1 0 1 1 0 1 0 1 0 0 1 0 0 0 0 1 1 1 0 0 1 1 0 0 1 0 1 1 1 1 1 0 0 0 1 1 1
 0 1 1 0 1 0 0 0 0 0 0 1 1 1 0 1 0 0 0 0 0 1 1 1 0 0 0 0 1 0 0 1 0 0 1 1 0
 0 1 0 1 1 1 1 0 1 1 0 1 0 0 0 1]

[P3_car_svm.svg]
	CCR train = 98.76% | CCR test = 95.57%
[2 2 2 2 2 2 2 2 2 2 2 2 2 2 2 2 2 2 2 2 2 2 2 2 2 2 2 2 2 2 2 2 2 2 2 2 2
 2 2 2 2 2 2 2 2 2 2 2 2 2 2 2 2 2 2 2 2 2 2 2 2 2 2 2 2 0 2 2 2 0 0 2 2 2
 2 0 2 0 2 2 2 0 2 0 2 0 0 2 2 2 2 0 2 0 2 0 0 2 0 2 0 2 2 2 2 0 0 0 2 0 2
 2 2 2 2 2 0 0 2 0 2 2 2 2 2 2 0 2 2 2 2 2 2 2 2 2 2 2 2 2 2 2 2 2 2 2 2 2
 2 2 2 2 2 2 2 2 2 2 2 2 2 2 2 2 2 2 2 2 0 0 0 2 0 2 2 2 2 2 2 0 0 2 2 2 2
 0 0 0 0 0 2 2 2 0 0 2 2 2 0 0 0 2 2 2 2 2 2 2 0 0 2 0 0 2 2 2 2 2 0 2 2 2
 2 2 2 2 0 0 2 2 2 2 2 2 0 0 2 2 2 0 0 2 2 2 0 0 2 2 2 2 0 0 0 2 2 2 2 2 0
 0 0 2 2 0 2 2 2 2 2 0 0 2 2 2 2 2 2 2 2 2 2 0 0 2 2 0 2 2 2 0 0 2 0 2 2 2
 2 2 2 2 2 0 0 2 0 0 2 2 2 0 0 0 0 2 2 2 0 2 2 2 3 2 2 0 0 2 2 2 2 0 0 3 0
 2 2 2 2 2 2 0 2 0 3 2 2 2 3 2 3 2 2 2 2 2 2 0 2 1 3 3 2 2 2 2 1 1 2 2 3 2
 2 2 2 2 1 3 2 0 2 3 2 3 1 2 2 2 2 2 0 2 2 2 0 2 2 2 0 0 2 0 2 0 2 2 2 2 0
 2 0 2 0 2 2 2 2 0 0 0 0 2 2 2 2 0 0 3 0 0 2 2 2 2 3 0 0 3 0 2 2 2 2 0 2 0
 3 2 2 2 2 1 0 1 2 2 2 0 3 0 2 0 2 3 2 2 2 2 2 2 2 0 1 2 3 2 1 2 2 0 1 2 0
 1 3 2 2 2 2 0 2 2 2 2 2 2 0 1 3 3 0 2 1 2 2 1 0 3 3 2 2 2 1 0 3 2 2 0 2 1
 3]
[2 2 2 2 2 2 2 2 2 2 2 2 2 2 2 2 2 2 2 2 2 2 2 2 2 2 2 2 2 2 2 2 2 2 2 2 2
 2 2 2 2 2 2 2 2 2 2 2 2 2 2 2 2 2 2 2 2 2 2 2 2 2 2 2 2 0 2 2 2 2 0 2 2 2
 2 2 2 0 2 2 2 0 2 0 2 0 0 2 2 2 2 0 2 0 2 0 0 2 0 2 2 2 2 2 2 0 0 0 2 0 2
 2 2 2 2 2 0 0 2 0 2 2 2 2 2 2 0 2 2 2 2 2 2 2 2 2 2 2 2 2 2 2 2 2 2 2 2 2
 2 2 2 2 2 2 2 2 2 2 2 2 2 2 2 2 2 2 2 2 0 2 0 2 2 2 2 2 2 2 2 0 0 2 2 2 2
 0 0 0 0 0 2 2 2 0 0 2 2 2 2 0 0 2 2 2 2 2 2 2 2 0 2 0 0 2 2 2 2 2 0 2 2 2
 2 2 2 2 0 0 2 2 2 2 2 2 0 0 2 2 2 0 0 2 2 2 0 0 2 2 2 2 0 0 0 2 2 2 2 2 0
 0 0 2 2 0 2 2 2 2 2 0 2 2 2 2 2 2 2 2 2 2 2 0 0 2 2 0 2 2 2 0 0 2 0 2 2 2
 2 2 2 2 2 2 2 2 2 0 2 2 2 0 0 0 0 2 2 2 0 2 2 2 3 2 2 0 0 2 2 2 2 0 0 3 0
 2 2 2 2 2 2 0 2 0 3 2 2 2 3 2 3 2 2 2 2 2 2 0 2 1 3 3 2 2 2 2 1 1 2 2 3 2
 2 2 2 2 1 3 2 0 2 3 2 3 1 2 2 2 2 2 0 2 2 2 0 2 2 2 2 0 2 0 2 0 2 2 2 2 0
 2 0 2 0 2 2 2 2 0 0 0 0 2 2 2 2 0 0 3 2 0 2 2 2 2 0 0 0 3 0 2 2 2 2 0 2 0
 3 2 2 2 2 1 0 1 2 2 2 0 1 0 2 1 2 3 2 2 2 2 2 2 2 0 1 2 3 2 1 2 2 1 1 2 1
 1 3 2 2 2 2 0 2 2 2 2 2 2 0 1 1 3 1 2 1 2 2 1 1 3 3 2 2 2 1 1 3 2 2 1 2 1
 3]

[P3_bank_svm.svg]
	CCR train = 88.57% | CCR test = 88.26%
[0 0 0 ... 0 0 0]
[0 0 0 ... 0 0 0]



arrayScores_dt[0.95121951 0.5        0.86868687 0.91703057 0.71621622 0.59259259
 0.66666667 0.93700787 0.94412331 0.86775106]

arrayScores_knn[0.95121951 0.5        0.82828283 0.89519651 0.69369369 0.64814815
 1.         0.91338583 0.87765205 0.89017341]

arrayScores_svm[0.97560976 0.5        0.93939394 0.93886463 0.77927928 0.33333333
 0.88888889 0.94488189 0.95568401 0.88260255]



  WILCOXON => WilcoxonResult(statistic=16.0, pvalue=0.779434528427275)


  FRIEDMAN => FriedmanchisquareResult(statistic=4.285714285714286, pvalue=0.11731916609425075)


  IMAN-DAVENPORT => 2.454545454545454




  GRIDSEARCH CON SVM


[P3_iris_svm_gridSearch.svg]
	CCR train = 98.17% | CCR test = 97.56%
[0 0 0 0 0 0 0 0 0 0 0 0 0 1 1 1 1 2 1 1 1 1 1 1 1 2 2 2 2 2 2 2 2 2 2 2 2
 2 2 2 2]
[0 0 0 0 0 0 0 0 0 0 0 0 0 1 1 1 1 1 1 1 1 1 1 1 1 2 2 2 2 2 2 2 2 2 2 2 2
 2 2 2 2]

[P3_contact_lenses_svm_gridSearch.svg]
	CCR train = 100.00% | CCR test = 50.00%
[1 0 0 1 1 1]
[1 0 1 0 2 1]

[P3_ionosphere_svm_gridSearch.svg]
	CCR train = 94.44% | CCR test = 91.92%
[0 1 0 0 0 0 0 1 0 1 1 1 1 1 1 0 0 0 1 0 0 1 0 1 1 1 1 0 1 1 1 1 1 0 1 1 1
 0 1 1 0 1 0 1 0 1 0 1 1 0 1 0 0 0 1 1 0 1 1 1 1 0 1 1 0 1 0 1 1 0 0 0 1 1
 1 1 1 1 1 1 1 1 1 1 1 1 1 1 1 1 1 1 1 1 1 1 1 1 1]
[0 1 0 0 0 0 0 1 0 1 0 0 1 0 1 0 0 0 1 0 0 1 0 1 1 0 1 0 1 1 1 0 0 0 1 0 1
 0 1 1 0 1 0 0 0 1 0 1 1 0 1 0 0 0 1 1 0 1 1 1 1 0 1 1 0 1 0 1 1 0 0 0 1 1
 1 1 1 1 1 1 1 1 1 1 1 1 1 1 1 1 1 1 1 1 1 1 1 1 1]

[P3_soybean_svm_gridSearch.svg]
	CCR train = 100.00% | CCR test = 92.58%
[10 10 10 10  7  7 18 18 18 15 15 15 15 15 15 15 15 15 15 15 15  6  6  6
  6  6  6  6  6  6 16 16 16 16 16 11 11 11 11 11 11 11  5  5  5  5  5  5
  5  5  5  3  3  3  3  4  4 17 17 17 17  2  2  2  2  2  2  2 14  5 12  1
  1 12  1  1  1  1  1 12  1  1  1  1  1 12 12  1 12  1 12 12 12  1 12  1
 12  1 12  9  9  9  8  8 13 13 10 10 10 10 10  7  7 18 15 15 15 15 15 15
 15 15 15 15 15  6  6  6  6  6  6  6  6  6 16 16 16 16 16 11 11 11  5 14
  5  5  5  5  5  5  5  5  5  5  5  3  3  3  3  4  4  4  4  4 17 17  2  2
  2  2  2  2  2  2  2  2  2 14  5  5 14 14  1  1 12  1  1  1  1 12  1  1
  1  1  1  1  1  1  1  1  1 12  1 12 12 12 12 12 12 12 12 12 12 12 12 12
 12  9  9  9  9  8  8  0  0  0  0  0 13]
[10 10 10 10  7  7 18 18 18 15 15 15 15 15 15 15 15 15 15 15 15  6  6  6
  6  6  6  6  6  6 16 16 16 16 16 11 11 11 11 11 11 11  5  5  5  5  5  5
  5  5  5  3  3  3  4  4  4 17 17 17 17  2  2  2  2  2  2  2 14 14  1  1
  1  1  1  1  1  1  1  1  1  1  1  1  1 12 12 12 12 12 12 12 12 12 12 12
 12 12 12  9  9  9  8  8 13 13 10 10 10 10 10  7  7 18 15 15 15 15 15 15
 15 15 15 15 15  6  6  6  6  6  6  6  6  6 16 16 16 16 16 11 11 11  5  5
  5  5  5  5  5  5  5  5  5  5  5  3  3  3  3  4  4  4  4  4 17 17  2  2
  2  2  2  2  2  2  2  2  2 14 14 14 14 14  1  1  1  1  1  1  1  1  1  1
  1  1  1  1  1  1  1  1 12 12 12 12 12 12 12 12 12 12 12 12 12 12 12 12
 12  9  9  9  9  8  8  0  0  0  0  0 13]

[P3_diabetes_svm_gridSearch.svg]
	CCR train = 83.70% | CCR test = 70.72%
[0 1 0 0 0 0 0 1 0 0 1 0 1 0 1 1 1 0 1 0 0 1 1 0 0 0 0 0 0 0 0 0 0 0 0 0 1
 0 0 0 0 0 0 1 0 0 1 1 0 0 0 1 1 0 0 1 0 0 0 0 1 0 0 1 0 0 1 1 1 0 1 0 0 0
 0 1 0 1 1 1 0 0 0 0 0 0 1 0 0 0 0 1 0 0 0 1 0 0 1 0 1 1 0 0 0 0 0 0 0 0 0
 0 0 0 0 1 0 1 1 1 1 0 0 0 0 0 0 0 0 0 0 0 0 1 0 0 1 1 0 0 0 0 0 1 1 0 0 0
 0 0 1 0 0 1 1 1 0 0 0 0 0 0 0 0 1 0 0 0 0 1 0 0 0 0 0 0 0 0 1 0 0 0 0 0 0
 1 1 1 1 1 0 1 0 0 0 1 0 0 0 0 0 1 0 0 0 1 0 0 0 1 0 1 0 0 0 0 0 1 1 0 0 1]
[0 1 0 0 1 1 0 1 1 0 1 1 1 0 0 1 0 0 0 0 0 1 0 0 0 0 0 0 0 0 1 0 0 0 0 0 1
 0 0 1 0 0 0 1 0 0 1 0 0 0 0 0 1 0 0 1 0 0 0 0 0 1 0 1 1 1 0 1 1 0 0 0 0 1
 1 0 0 0 0 0 0 0 0 0 1 1 1 0 0 1 0 0 1 0 0 0 0 0 0 0 1 0 1 0 0 0 0 0 1 1 0
 1 0 0 1 0 0 1 1 0 1 0 0 1 0 1 0 0 1 0 0 1 0 1 0 0 1 1 0 1 0 0 1 0 0 0 0 0
 0 1 1 0 0 0 1 1 0 0 0 1 0 0 1 0 0 0 0 0 0 1 0 0 1 0 0 0 0 0 0 0 0 1 0 0 0
 0 0 0 1 1 1 0 0 0 1 1 0 0 0 0 0 1 0 0 0 0 1 0 0 1 0 0 0 0 0 0 0 1 1 0 0 0]

[P3_glass_svm_gridSearch.svg]
	CCR train = 85.62% | CCR test = 66.67%
[0 1 1 0 0 0 3 0 1 4 1 0 1 1 2 1 0 0 4 1 1 0 1 1 0 0 0 4 1 4 0 1 0 3 0 1 0
 1 0 3 1 1 1 4 1 0 0 1 1 0 0 0 0 0]
[0 0 1 1 2 1 3 0 3 4 1 2 0 1 2 3 0 1 4 4 1 0 1 1 0 0 2 4 0 4 0 1 1 3 0 1 0
 1 0 1 1 3 1 4 1 0 0 4 1 2 0 0 0 2]

[P3_labor_svm_gridSearch.svg]
	CCR train = 100.00% | CCR test = 88.89%
[1 1 1 1 1 1 1 1 1]
[1 1 1 1 1 0 1 1 1]

[P3_vote_svm_gridSearch.svg]
	CCR train = 99.03% | CCR test = 93.70%
[0 1 0 1 0 0 0 0 0 0 0 0 0 0 1 1 0 0 0 0 0 1 0 1 0 1 1 0 1 1 1 0 1 1 1 0 0
 1 0 1 1 0 1 0 1 0 0 1 0 0 0 0 1 1 1 0 0 1 1 0 0 0 0 0 1 1 1 1 0 0 0 1 0 1
 0 1 1 0 1 0 0 0 0 0 0 1 1 1 0 1 0 1 0 0 0 1 1 1 0 1 0 0 1 0 0 1 0 1 1 1 0
 0 0 0 1 1 1 1 0 1 1 0 1 0 0 0 1]
[0 0 0 1 0 0 0 0 0 0 0 0 0 0 1 1 0 0 0 0 0 1 0 1 0 1 1 0 1 1 1 0 1 1 1 0 0
 1 0 1 1 0 1 0 1 0 0 1 0 0 0 0 1 1 1 0 0 1 1 0 0 1 0 1 1 1 1 1 0 0 0 1 1 1
 0 1 1 0 1 0 0 0 0 0 0 1 1 1 0 1 0 0 0 0 0 1 1 1 0 0 0 0 1 0 0 1 0 0 1 1 0
 0 1 0 1 1 1 1 0 1 1 0 1 0 0 0 1]

[P3_car_svm_gridSearch.svg]
	CCR train = 99.34% | CCR test = 98.07%
[2 2 2 2 2 2 2 2 2 2 2 2 2 2 2 2 2 2 2 2 2 2 2 2 2 2 2 2 2 2 2 2 2 2 2 2 2
 2 2 2 2 2 2 2 2 2 2 2 2 2 2 2 2 2 2 2 2 2 2 2 2 2 2 2 2 0 2 2 2 2 0 2 2 2
 2 0 2 0 2 2 2 0 2 0 2 0 0 2 2 2 2 0 2 0 2 0 0 2 0 2 2 2 2 2 2 0 0 0 2 0 2
 2 2 2 2 2 0 0 2 0 2 2 2 2 2 2 0 2 2 2 2 2 2 2 2 2 2 2 2 2 2 2 2 2 2 2 2 2
 2 2 2 2 2 2 2 2 2 2 2 2 2 2 2 2 2 2 2 2 0 2 0 2 2 2 2 2 2 2 2 0 0 2 2 2 2
 0 0 0 0 0 2 2 2 0 0 2 2 2 2 0 0 2 2 2 2 2 2 2 0 0 2 0 0 2 2 2 2 2 0 2 2 2
 2 2 2 2 0 0 2 2 2 2 2 2 0 0 2 2 2 0 0 2 2 2 0 0 2 2 2 2 0 0 0 2 2 2 2 2 0
 0 0 2 2 0 2 2 2 2 2 0 2 2 2 2 2 2 2 2 2 2 2 0 0 2 2 0 2 2 2 0 0 2 0 2 2 2
 2 2 2 2 2 2 2 2 2 0 2 2 2 0 0 0 0 2 2 2 0 2 2 2 3 2 2 0 0 2 2 2 2 0 0 3 0
 2 2 2 2 2 2 0 2 0 3 2 2 2 3 2 3 2 2 2 2 2 2 0 2 1 3 3 2 2 2 2 1 1 2 2 3 2
 2 2 2 2 1 3 2 0 2 3 2 3 1 2 2 2 2 2 0 2 2 2 0 2 2 2 0 0 2 0 2 0 2 2 2 2 0
 2 0 2 0 2 2 2 2 0 0 0 0 2 2 2 2 0 0 3 0 0 2 2 2 2 3 0 0 3 0 2 2 2 2 0 2 0
 3 2 2 2 2 1 0 1 2 2 2 0 3 0 2 0 2 3 2 2 2 2 2 2 2 0 1 2 3 2 1 2 2 0 1 2 1
 1 3 2 2 2 2 0 2 2 2 2 2 2 0 1 3 3 0 2 1 2 2 1 1 3 3 2 2 2 1 1 3 2 2 1 2 1
 3]
[2 2 2 2 2 2 2 2 2 2 2 2 2 2 2 2 2 2 2 2 2 2 2 2 2 2 2 2 2 2 2 2 2 2 2 2 2
 2 2 2 2 2 2 2 2 2 2 2 2 2 2 2 2 2 2 2 2 2 2 2 2 2 2 2 2 0 2 2 2 2 0 2 2 2
 2 2 2 0 2 2 2 0 2 0 2 0 0 2 2 2 2 0 2 0 2 0 0 2 0 2 2 2 2 2 2 0 0 0 2 0 2
 2 2 2 2 2 0 0 2 0 2 2 2 2 2 2 0 2 2 2 2 2 2 2 2 2 2 2 2 2 2 2 2 2 2 2 2 2
 2 2 2 2 2 2 2 2 2 2 2 2 2 2 2 2 2 2 2 2 0 2 0 2 2 2 2 2 2 2 2 0 0 2 2 2 2
 0 0 0 0 0 2 2 2 0 0 2 2 2 2 0 0 2 2 2 2 2 2 2 2 0 2 0 0 2 2 2 2 2 0 2 2 2
 2 2 2 2 0 0 2 2 2 2 2 2 0 0 2 2 2 0 0 2 2 2 0 0 2 2 2 2 0 0 0 2 2 2 2 2 0
 0 0 2 2 0 2 2 2 2 2 0 2 2 2 2 2 2 2 2 2 2 2 0 0 2 2 0 2 2 2 0 0 2 0 2 2 2
 2 2 2 2 2 2 2 2 2 0 2 2 2 0 0 0 0 2 2 2 0 2 2 2 3 2 2 0 0 2 2 2 2 0 0 3 0
 2 2 2 2 2 2 0 2 0 3 2 2 2 3 2 3 2 2 2 2 2 2 0 2 1 3 3 2 2 2 2 1 1 2 2 3 2
 2 2 2 2 1 3 2 0 2 3 2 3 1 2 2 2 2 2 0 2 2 2 0 2 2 2 2 0 2 0 2 0 2 2 2 2 0
 2 0 2 0 2 2 2 2 0 0 0 0 2 2 2 2 0 0 3 2 0 2 2 2 2 0 0 0 3 0 2 2 2 2 0 2 0
 3 2 2 2 2 1 0 1 2 2 2 0 1 0 2 1 2 3 2 2 2 2 2 2 2 0 1 2 3 2 1 2 2 1 1 2 1
 1 3 2 2 2 2 0 2 2 2 2 2 2 0 1 1 3 1 2 1 2 2 1 1 3 3 2 2 2 1 1 3 2 2 1 2 1
 3]

[P3_bank_svm_gridSearch.svg]
	CCR train = 88.57% | CCR test = 88.26%
[0 0 0 ... 0 0 0]
[0 0 0 ... 0 0 0]
